1 3300036 1 1 0 3300035 3888 0 0 0 0 0 0 
2 3300045 1 1 0 3300035 588 0 0 0 0 0 0 
3 3300049 1 1 0 3300035 188 0 0 0 0 0 0 
4 3300056 1 1 0 3300035 188 0 0 0 0 0 0 
5 3008727 1 3 0 3300035 50 0 0 0 0 0 0 
6 3300050 1 1 0 3300035 88 0 0 0 0 0 0 
7 729242 1 100 1 3300035 299 0 0 0 0 0 0 
8 3300051 1 100 0 3300035 10 0 0 0 0 0 0 
9 3300052 1 10 0 3300035 100 0 0 0 0 0 0 
10 730001 1 100 1 3300035 10 0 0 0 0 0 0 
11 730003 1 10 1 3300035 120 0 0 0 0 0 0 
12 3004895 1 1 0 3300035 88 0 0 0 0 0 0 
13 3004898 1 1 0 3300035 88 0 0 0 0 0 0 
14 3004897 1 1 0 3300035 88 0 0 0 0 0 0 
15 3004896 1 1 0 3300035 88 0 0 0 0 0 0 
17 3004247 1 1 0 3300035 588 0 0 0 0 0 0 
18 3004248 1 1 0 3300035 588 0 0 0 0 0 0 
19 3008058 1 1 0 3300035 588 0 0 0 0 0 0 
20 3300036 2 1 0 3300035 3888 0 0 0 0 0 0 
21 3300045 2 1 0 3300035 588 0 0 0 0 0 0 
22 3300049 2 1 0 3300035 188 0 0 0 0 0 0 
23 3300056 2 1 0 3300035 188 0 0 0 0 0 0 
24 3008727 2 3 0 3300035 50 0 0 0 0 0 0 
25 3300050 2 1 0 3300035 88 0 0 0 0 0 0 
26 729242 2 100 1 3300035 299 0 0 0 0 0 0 
27 3300051 2 100 0 3300035 10 0 0 0 0 0 0 
28 3300052 2 10 0 3300035 100 0 0 0 0 0 0 
29 730001 2 100 1 3300035 10 0 0 0 0 0 0 
30 730003 2 10 1 3300035 120 0 0 0 0 0 0 
31 3004895 2 1 0 3300035 88 0 0 0 0 0 0 
32 3004898 2 1 0 3300035 88 0 0 0 0 0 0 
33 3004897 2 1 0 3300035 88 0 0 0 0 0 0 
34 3004896 2 1 0 3300035 88 0 0 0 0 0 0 
35 3004247 2 1 0 3300035 588 0 0 0 0 0 0 
36 3004248 2 1 0 3300035 588 0 0 0 0 0 0 
37 3008058 2 1 0 3300035 588 0 0 0 0 0 0 
237 3301660 7 1 0 3301454 88 3301657 88 0 0 0 0 
238 3301661 7 1 0 3301454 288 3301657 288 0 0 0 0 
239 3301458 7 5 0 3301657 168 0 0 0 0 0 0 
240 3301663 7 0 0 3301454 188 3301657 188 0 0 0 0 
241 3301662 7 0 0 3301454 188 3301657 188 0 0 0 0 
242 3301459 7 5 0 3301657 8 0 0 0 0 0 0 
243 3301460 7 5 0 3301657 88 0 0 0 0 0 0 
244 3301223 7 5 0 3301657 18 0 0 0 0 0 0 
245 3301224 7 5 0 3301657 68 0 0 0 0 0 0 
246 3301458 7 0 0 3301454 368 0 0 0 0 0 0 
247 3301459 7 0 0 3301454 18 0 0 0 0 0 0 
248 3301460 7 0 0 3301454 188 0 0 0 0 0 0 
249 3301223 7 0 0 3301454 38 0 0 0 0 0 0 
250 3301224 7 0 0 3301454 158 0 0 0 0 0 0 
267 3302262 11 5 3 3302260 368 0 0 0 0 0 0 
268 3302263 11 5 3 3302260 16 0 0 0 0 0 0 
269 3302264 11 5 3 3302260 168 0 0 0 0 0 0 
270 3301223 11 5 3 3302260 36 0 0 0 0 0 0 
271 3301224 11 5 3 3302260 118 0 0 0 0 0 0 
272 3302272 11 10 3 3302260 98 0 0 0 0 0 0 
273 3302262 11 0 3 3301454 368 0 0 0 0 0 0 
274 3302263 11 0 3 3301454 16 0 0 0 0 0 0 
275 3302264 11 0 3 3301454 168 0 0 0 0 0 0 
276 3301223 11 0 3 3301454 36 0 0 0 0 0 0 
277 3301224 11 0 3 3301454 118 0 0 0 0 0 0 
278 3302272 11 0 3 3301454 98 0 0 0 0 0 0 
279 3302265 11 1 3 3302260 108 3301454 108 0 0 0 0 
280 3302266 11 1 3 3302260 298 3301454 298 0 0 0 0 
281 3302267 11 0 3 3302260 238 3301454 238 0 0 0 0 
282 3302268 11 0 3 3302260 238 3301454 238 0 0 0 0 
283 3302271 11 0 3 3302260 68 3301454 68 0 0 0 0 
284 3302270 11 0 3 3302260 98 3301454 98 0 0 0 0 
302 3302368 13 1 0 3302311 5 0 0 0 0 0 0 
303 3302312 13 10 0 3302311 3 0 0 0 0 0 0 
304 3302312 13 3 0 3302311 10 0 0 0 0 0 0 
305 3302312 13 3 0 3302311 20 0 0 0 0 0 0 
306 3302312 13 3 0 3302311 30 0 0 0 0 0 0 
307 3302312 13 3 0 3302311 40 0 0 0 0 0 0 
308 3302312 13 3 0 3302311 50 0 0 0 0 0 0 
309 3302312 13 3 0 3302311 60 0 0 0 0 0 0 
310 3302312 13 3 0 3302311 70 0 0 0 0 0 0 
442 3303526 23 1 0 3303483 300 3303485 1 0 0 0 0 
443 3303527 23 1 0 3303483 300 3303486 1 0 0 0 0 
444 729242 23 1 1 3303483 500 0 0 0 0 0 0 
445 3301224 23 1 0 3303483 80 0 0 0 0 0 0 
446 3301223 23 3 0 3303483 20 0 0 0 0 0 0 
447 3008727 23 1 0 3303483 75 0 0 0 0 0 0 
448 3200748 23 1 0 3303483 150 0 0 0 0 0 0 
449 3200747 23 3 0 3303483 15 0 0 0 0 0 0 
450 729252 23 0 0 3303483 30 0 0 0 0 0 0 
451 3003124 23 0 1 3303483 20 0 0 0 0 0 0 
452 3002030 23 0 0 3303483 20 0 0 0 0 0 0 
453 723341 23 0 1 3303483 20 0 0 0 0 0 0 
618 3304754 40 0 0 3304652 1 0 0 0 0 0 0 
619 3304755 40 0 0 3304652 2 0 0 0 0 0 0 
620 729481 40 0 1 3304652 6 0 0 0 0 0 0 
621 3304756 40 0 0 3304652 12 0 0 0 0 0 0 
622 3304757 40 0 0 3304652 24 0 0 0 0 0 0 
646 723714 43 0 0 3304719 10 0 0 0 0 0 0 
647 3006300 43 0 0 3304719 50 0 0 0 0 0 0 
648 3006026 43 0 0 3304719 500 0 0 0 0 0 0 
649 723723 43 0 0 3304719 5000 0 0 0 0 0 0 
650 3300794 43 0 0 3304719 75 0 0 0 0 0 0 
651 3300763 43 0 0 3304719 375 0 0 0 0 0 0 
652 3390003 43 0 0 3304719 100 0 0 0 0 0 0 
653 3390004 43 0 0 3304719 500 0 0 0 0 0 0 
654 184365 43 0 3 3304719 399 0 0 0 0 0 0 
655 194300 43 0 3 3304719 399 0 0 0 0 0 0 
656 188365 43 0 3 3304719 399 0 0 0 0 0 0 
657 188355 43 0 3 3304719 399 0 0 0 0 0 0 
658 184355 43 0 3 3304719 399 0 0 0 0 0 0 
659 183365 43 0 3 3304719 399 0 0 0 0 0 0 
660 183485 43 0 3 3304719 399 0 0 0 0 0 0 
661 3390002 43 0 3 3304719 25 0 0 0 0 0 0 
662 3303441 43 0 0 3304719 120000 0 0 0 0 0 0 
663 3303442 43 0 0 3304719 30000 0 0 0 0 0 0 
664 723714 45 0 0 3304719 10 0 0 0 0 0 0 
665 3006300 45 0 0 3304719 50 0 0 0 0 0 0 
666 3006026 45 0 0 3304719 500 0 0 0 0 0 0 
667 723723 45 0 0 3304719 5000 0 0 0 0 0 0 
668 3300794 45 0 0 3304719 75 0 0 0 0 0 0 
669 3300763 45 0 0 3304719 375 0 0 0 0 0 0 
670 3390003 45 0 0 3304719 100 0 0 0 0 0 0 
671 3390004 45 0 0 3304719 500 0 0 0 0 0 0 
672 184365 45 0 3 3304719 399 0 0 0 0 0 0 
673 194300 45 0 3 3304719 399 0 0 0 0 0 0 
674 188365 45 0 3 3304719 399 0 0 0 0 0 0 
675 188355 45 0 3 3304719 399 0 0 0 0 0 0 
676 184355 45 0 3 3304719 399 0 0 0 0 0 0 
677 183365 45 0 3 3304719 399 0 0 0 0 0 0 
678 183485 45 0 3 3304719 399 0 0 0 0 0 0 
679 3390002 45 0 3 3304719 25 0 0 0 0 0 0 
680 3303441 45 0 0 3304719 120000 0 0 0 0 0 0 
681 3303442 45 0 0 3304719 30000 0 0 0 0 0 0 
682 723714 46 0 0 3304719 10 0 0 0 0 0 0 
683 3006300 46 0 0 3304719 50 0 0 0 0 0 0 
684 3006026 46 0 0 3304719 500 0 0 0 0 0 0 
685 723723 46 0 0 3304719 5000 0 0 0 0 0 0 
686 3300794 46 0 0 3304719 75 0 0 0 0 0 0 
687 3300763 46 0 0 3304719 375 0 0 0 0 0 0 
688 3390003 46 0 0 3304719 100 0 0 0 0 0 0 
689 3390004 46 0 0 3304719 500 0 0 0 0 0 0 
690 184365 46 0 3 3304719 399 0 0 0 0 0 0 
691 194300 46 0 3 3304719 399 0 0 0 0 0 0 
692 188365 46 0 3 3304719 399 0 0 0 0 0 0 
693 188355 46 0 3 3304719 399 0 0 0 0 0 0 
694 184355 46 0 3 3304719 399 0 0 0 0 0 0 
695 183365 46 0 3 3304719 399 0 0 0 0 0 0 
696 183485 46 0 3 3304719 399 0 0 0 0 0 0 
697 3390002 46 0 3 3304719 25 0 0 0 0 0 0 
698 3303441 46 0 0 3304719 120000 0 0 0 0 0 0 
699 3303442 46 0 0 3304719 30000 0 0 0 0 0 0 
700 723714 47 0 0 3304719 10 0 0 0 0 0 0 
701 3006300 47 0 0 3304719 50 0 0 0 0 0 0 
702 3006026 47 0 0 3304719 500 0 0 0 0 0 0 
703 723723 47 0 0 3304719 5000 0 0 0 0 0 0 
704 3300794 47 0 0 3304719 75 0 0 0 0 0 0 
705 3300763 47 0 0 3304719 375 0 0 0 0 0 0 
706 3390003 47 0 0 3304719 100 0 0 0 0 0 0 
707 3390004 47 0 0 3304719 500 0 0 0 0 0 0 
708 184365 47 0 3 3304719 399 0 0 0 0 0 0 
709 194300 47 0 3 3304719 399 0 0 0 0 0 0 
710 188365 47 0 3 3304719 399 0 0 0 0 0 0 
711 188355 47 0 3 3304719 399 0 0 0 0 0 0 
712 184355 47 0 3 3304719 399 0 0 0 0 0 0 
713 183365 47 0 3 3304719 399 0 0 0 0 0 0 
714 183485 47 0 3 3304719 399 0 0 0 0 0 0 
715 3390002 47 0 3 3304719 25 0 0 0 0 0 0 
716 3303441 47 0 0 3304719 120000 0 0 0 0 0 0 
717 3303442 47 0 0 3304719 30000 0 0 0 0 0 0 